# This file may be used to create an environment using:
# $ conda create --name <env> --file <this file>
# platform: win-64
ca-certificates=2017.08.26=h94faf87_0
certifi=2018.1.18=py36_0
cffi=1.11.4=py36hfa6e2cd_0
cuda80=1.0=h205658b_0
cycler=0.10.0=py36h009560c_0
freetype=2.8=h51f8f2c_1
icc_rt=2017.0.4=h97af966_0
icu=58.2=ha66f8fd_1
intel-openmp=2018.0.0=hd92c6cd_8
jpeg=9b=hb83a4c4_2
libpng=1.6.34=h79bbb47_0
libtiff=4.0.9=h0f13578_0
matplotlib=2.1.2=py36h016c42a_0
mkl=2018.0.1=h2108138_4
numpy=1.14.0=py36h4a99626_1
olefile=0.45.1=py36_0
openssl=1.0.2n=h74b6da3_0
pandas=0.22.0=py36h6538335_0
pillow=5.0.0=py36h0738816_0
pip=9.0.1=py36h226ae91_4
pycparser=2.18=py36hd053e01_1
pyparsing=2.2.0=py36h785a196_1
pyqt=5.6.0=py36hb5ed885_5
python=3.6.4=h6538335_1
python-dateutil=2.6.1=py36h509ddcb_1
pytorch=0.3.0=py36_0.3.0cu80
pytz=2018.3=py36_0
qt=5.6.2=vc14h6f8c307_12
scipy=1.0.0=py36h1260518_0
setuptools=38.4.0=py36_0
sip=4.18.1=py36h9c25514_2
six=1.11.0=py36h4db2310_1
sqlite=3.22.0=h9d3ae62_0
tk=8.6.7=hcb92d03_3
tornado=4.5.3=py36_0
tqdm=4.19.5=py36_0
vc=14.1=h21ff451_0
vs2015_runtime=14.0.25123=3
vs2017_runtime=15.4.27004.2010=0
wheel=0.30.0=py36h6c3ec14_1
wincertstore=0.2=py36h7fe50ca_0
zlib=1.2.11=h8395fce_2
